                               Estimate Std. Error      z value     Pr(>|z|)
(Intercept)                  0.03959164  0.6683112   0.05924133 9.527599e-01
PV.TimeTRUE                 -3.37553840  0.2982776 -11.31676634 1.083969e-29
PV.PositionTRUE             -1.65303354  0.2079577  -7.94889367 1.881845e-15
PV.DiscourseTRUE            -0.11760264  0.2366866  -0.49687063 6.192803e-01
TA.doTRUE                    0.17026253  0.2807847   0.60638115 5.442617e-01
TA.speechTRUE               -0.28911675  0.3131357  -0.92329530 3.558533e-01
TA.cognitiveTRUE             0.31796774  0.2866587   1.10922044 2.673351e-01
TA.allowTRUE                 0.97219926  0.7135045   1.36256913 1.730183e-01
RdplSTRUE                    0.98286859  0.4267006   2.30341507 2.125550e-02
Sg.actorTRUE                 0.19494804  0.2607412   0.74766883 4.546599e-01
D.actorTRUE                 -0.10999511  0.3108622  -0.35383880 7.234597e-01
Prox.actorTRUE              -1.21295549  0.4481517  -2.70657346 6.798154e-03
actor.1TRUE                  0.05389754  0.1460052   0.36914796 7.120174e-01
actor.2TRUE                 -1.05967339  0.2317608  -4.57227286 4.824621e-06
goal.3TRUE                   0.72736817  0.6390173   1.13826056 2.550117e-01
goal.4TRUE                   1.10598854  0.6376548   1.73446274 8.283601e-02
goal.1TRUE                   1.25288888  0.6393641   1.95958575 5.004423e-02
goal.2TRUE                   0.22780498  0.6583109   0.34604469 7.293091e-01
Sg.goalTRUE                 -0.46759792  0.1945219  -2.40383205 1.622423e-02
NDA.Relations.goalTRUE       0.98140454  0.2385052   4.11481373 3.874922e-05
Dem.goalTRUE                -0.01265789  0.2220056  -0.05701607 9.545324e-01
NA.beast.of.burden.goalTRUE  0.21938759  0.3041167   0.72139272 4.706679e-01
Pers.goalTRUE                1.12625934  0.4643728   2.42533440 1.529429e-02
NA.food.goalTRUE             0.89495378  0.6716169   1.33253605 1.826841e-01
