                            Estimate Std. Error     z value     Pr(>|z|)
(Intercept)                1.6353243  0.1477486  11.0682876 1.787842e-28
PV.TimeTRUE               -4.1319688  0.3096902 -13.3422674 1.314011e-40
PV.PositionTRUE           -1.8666582  0.1844236 -10.1215795 4.432045e-24
PV.DiscourseTRUE          -0.1533618  0.2789662  -0.5497505 5.824905e-01
PV.QualTRUE                0.5520678  0.3809926   1.4490247 1.473307e-01
PV.WantCanTRUE            -1.3610782  0.3582842  -3.7988791 1.453520e-04
TI.cognitiveTRUE          -0.1650979  0.1992528  -0.8285854 4.073391e-01
TI.speechTRUE             -1.1906287  0.2900971  -4.1042416 4.056434e-05
NA.persons.actorTRUE       0.2154878  0.2236566   0.9634762 3.353086e-01
Sg.actorTRUE              -0.8679833  0.2602450  -3.3352551 8.522118e-04
Dem.actorTRUE             -1.2709163  0.4261761  -2.9821390 2.862420e-03
actor.3TRUE                0.1242108  0.1217390   1.0203042 3.075842e-01
actor.2TRUE               -1.0276610  0.2271887  -4.5233814 6.085944e-06
goal.3TRUE                -1.1010818  0.4677075  -2.3542104 1.856210e-02
Sg.goalTRUE               -0.3840663  0.2371877  -1.6192505 1.053934e-01
NI.object.goalTRUE         0.2358182  0.2422809   0.9733254 3.303916e-01
Pl.goalTRUE               -0.3137179  0.2743755  -1.1433887 2.528772e-01
Prox.goalTRUE             -0.8478792  0.2285114  -3.7104454 2.068949e-04
NI.nominal.goalTRUE       -0.2718536  0.3093891  -0.8786788 3.795755e-01
NI.natural.force.goalTRUE  0.7017670  0.4350492   1.6130752 1.067282e-01
