                            Estimate Std. Error      z value     Pr(>|z|)
(Intercept)              0.741467335  0.1138213   6.51430958 7.302475e-11
PV.TimeTRUE             -3.297908570  0.2105407 -15.66399251 2.666212e-55
PV.PositionTRUE         -1.441459300  0.1522026  -9.47066351 2.780717e-21
PV.QualTRUE              0.568233151  0.2069932   2.74517778 6.047812e-03
PV.WantCanTRUE          -0.639240350  0.3161221  -2.02213101 4.316282e-02
AI.cookingTRUE           0.811511745  0.2694355   3.01189583 2.596217e-03
Sg.actorTRUE            -0.461915147  0.2325993  -1.98588366 4.704624e-02
Pl.actorTRUE            -0.529944099  0.2536019  -2.08966912 3.664753e-02
NDA.Relations.actorTRUE  0.785132481  0.2615859   3.00143309 2.687121e-03
Prox.actorTRUE          -0.510378561  0.2523252  -2.02270187 4.310389e-02
Indef.actorTRUE         -1.199887845  0.5232540  -2.29312716 2.184069e-02
actor.3TRUE              0.465310418  0.1118886   4.15869304 3.200737e-05
actor.1TRUE              0.428325902  0.1170004   3.66089328 2.513374e-04
actor.2TRUE             -1.040496753  0.1814681  -5.73377154 9.822162e-09
