                            Estimate Std. Error    z value     Pr(>|z|)
(Intercept)               -2.7432339  0.3477841 -7.8877499 3.076836e-15
PV.TimeTRUE               -0.7005092  0.1600526 -4.3767436 1.204656e-05
PV.DiscourseTRUE          -2.0346987  0.3695445 -5.5059636 3.671545e-08
PV.QualTRUE               -0.8010064  0.3266054 -2.4525203 1.418594e-02
TI.cognitiveTRUE           0.8151231  0.1627747  5.0076783 5.509051e-07
NA.persons.actorTRUE       0.3965746  0.1335097  2.9703799 2.974317e-03
actor.3TRUE                1.2305916  0.3435653  3.5818277 3.411989e-04
actor.1TRUE                1.9571620  0.3423819  5.7163123 1.088606e-08
actor.2TRUE                2.3378730  0.3607122  6.4812689 9.095440e-11
NI.nominal.goalTRUE       -1.1933871  0.4766515 -2.5036888 1.229061e-02
NI.nature.plants.goalTRUE -1.1268273  0.5515719 -2.0429381 4.105857e-02
NI.place.goalTRUE         -1.4491060  0.5878501 -2.4650946 1.369771e-02
NDI.Body.goalTRUE         -2.2134336  0.8845974 -2.5021931 1.234266e-02
