                          Estimate Std. Error    z value     Pr(>|z|)
(Intercept)            -0.62808125  0.5137256 -1.2226007 2.214806e-01
PV.TimeTRUE            -0.66436951  0.1887036 -3.5207047 4.304016e-04
PV.MoveTRUE            -0.50229321  0.2104127 -2.3871809 1.697813e-02
PV.PositionTRUE        -1.14184677  0.2610484 -4.3740815 1.219448e-05
PV.DiscourseTRUE       -1.29170016  0.3230414 -3.9985591 6.372926e-05
PV.StartFinWantCanTRUE -0.05021160  0.2515914 -0.1995760 8.418122e-01
PV.QualTRUE            -0.26198115  0.3066256 -0.8544008 3.928830e-01
TA.speechTRUE          -0.27716106  0.5418977 -0.5114639 6.090263e-01
TA.doTRUE              -0.59050703  0.5203803 -1.1347605 2.564757e-01
TA.cognitiveTRUE       -0.28770606  0.5214597 -0.5517322 5.811319e-01
TA.foodTRUE            -1.50710795  0.6651891 -2.2656834 2.347077e-02
TA.money.countTRUE     -0.23311872  0.6609106 -0.3527235 7.242957e-01
Sg.actorTRUE           -0.27755314  0.1804691 -1.5379535 1.240600e-01
actor.1TRUE             0.67787707  0.1404146  4.8276826 1.381310e-06
actor.2TRUE             0.53296278  0.1872845  2.8457382 4.430860e-03
actor.4TRUE            -0.38948102  0.2188280 -1.7798496 7.510057e-02
goal.3TRUE             -0.16200997  0.1473867 -1.0992171 2.716734e-01
goal.4TRUE             -0.07204191  0.1358156 -0.5304392 5.958075e-01
goal.2TRUE             -0.40421855  0.2042269 -1.9792622 4.778650e-02
NA.persons.goalTRUE    -0.44048489  0.1204068 -3.6583064 2.538874e-04
