                        Estimate Std. Error    z value     Pr(>|z|)
(Intercept)          -1.43851645 0.26410715 -5.4467152 5.130851e-08
PV.MoveTRUE          -0.21940019 0.13501313 -1.6250286 1.041565e-01
PV.TimeTRUE          -0.62041543 0.15605607 -3.9755932 7.020405e-05
PV.PositionTRUE      -0.11028141 0.14372099 -0.7673298 4.428854e-01
PV.QualTRUE          -0.29679072 0.19523898 -1.5201407 1.284756e-01
PV.DiscourseTRUE     -0.95080844 0.24472622 -3.8851924 1.022489e-04
PV.StartFinTRUE       0.02094612 0.19090127  0.1097223 9.126296e-01
AI.doTRUE             0.04061031 0.27291196  0.1488037 8.817085e-01
AI.stateTRUE          0.22677067 0.27369017  0.8285671 4.073494e-01
AI.speechTRUE         0.58634483 0.37776323  1.5521490 1.206266e-01
AI.reflexiveTRUE     -0.16069606 0.32441714 -0.4953378 6.203617e-01
AI.cookingTRUE       -0.10779592 0.36292220 -0.2970221 7.664496e-01
AI.healthTRUE         0.29566809 0.44361847  0.6664918 5.050968e-01
AI.prayTRUE          -0.27581119 0.60769015 -0.4538681 6.499237e-01
RdplWTRUE            -0.22567812 0.21505688 -1.0493880 2.939996e-01
NA.persons.actorTRUE -0.38076934 0.12426390 -3.0641993 2.182535e-03
Pl.actorTRUE         -0.08155033 0.17547999 -0.4647272 6.421268e-01
Pers.actorTRUE        0.56142279 0.20480442  2.7412631 6.120348e-03
actor.1TRUE           0.03609290 0.07689032  0.4694075 6.387784e-01
actor.2TRUE           0.16709719 0.14295026  1.1689184 2.424365e-01
actor.4TRUE          -1.01010977 0.24201278 -4.1737869 2.995780e-05
