                               Estimate Std. Error    z value     Pr(>|z|)
(Intercept)                 -0.64114844  0.3701645 -1.7320635 8.326226e-02
PV.MoveTRUE                 -0.62079632  0.2309983 -2.6874503 7.199982e-03
PV.DiscourseTRUE            -1.41094236  0.3473167 -4.0624092 4.856884e-05
PV.PositionTRUE             -0.57789588  0.3021577 -1.9125641 5.580388e-02
PV.QualTRUE                 -0.37164209  0.3350025 -1.1093710 2.672702e-01
PV.TimeTRUE                  1.52592550  0.3347296  4.5586817 5.147572e-06
TA.speechTRUE                0.11533024  0.4199204  0.2746478 7.835868e-01
TA.doTRUE                   -0.48555770  0.3858183 -1.2585139 2.082060e-01
TA.cognitiveTRUE            -0.16065869  0.3871236 -0.4150062 6.781374e-01
TA.foodTRUE                 -1.57361973  0.5824937 -2.7015224 6.902282e-03
Sg.actorTRUE                -0.45247164  0.2508951 -1.8034297 7.132076e-02
D.actorTRUE                  0.23035146  0.3002126  0.7672944 4.429065e-01
Pers.actorTRUE               1.00652227  0.3287087  3.0620496 2.198270e-03
actor.1TRUE                  0.61326823  0.1613200  3.8015627 1.437863e-04
actor.4TRUE                 -0.54767153  0.2521114 -2.1723392 2.983009e-02
actor.2TRUE                  1.26852211  0.2315962  5.4773021 4.318597e-08
goal.3TRUE                   0.08348379  0.1572497  0.5308994 5.954885e-01
goal.4TRUE                  -0.11623232  0.1482231 -0.7841713 4.329396e-01
NA.persons.goalTRUE         -0.27984318  0.1378813 -2.0295951 4.239772e-02
NA.beast.of.burden.goalTRUE  0.11922932  0.2772597  0.4300276 6.671756e-01
