                              Estimate Std. Error     z value     Pr(>|z|)
(Intercept)                -1.31479464  0.1288615 -10.2031610 1.919224e-24
PV.TimeTRUE                 1.99329496  0.3595067   5.5445279 2.947483e-08
PV.QualTRUE                -1.02246231  0.3435180  -2.9764442 2.916121e-03
PV.DiscourseTRUE           -2.15817929  0.3936780  -5.4820931 4.203229e-08
TI.cognitiveTRUE            0.87987145  0.1880453   4.6790388 2.882228e-06
TI.speechTRUE               0.95921964  0.3018091   3.1782328 1.481757e-03
NA.persons.actorTRUE        0.46479415  0.1509574   3.0789760 2.077134e-03
actor.1TRUE                 0.65670760  0.1049817   6.2554503 3.963706e-10
actor.2TRUE                 1.80533063  0.1916745   9.4187324 4.565665e-21
actor.4TRUE                -1.73818211  0.6196240  -2.8052209 5.028210e-03
Sg.goalTRUE                -0.07143871  0.2496006  -0.2862121 7.747157e-01
NI.object.goalTRUE         -0.10762700  0.2529626  -0.4254661 6.704969e-01
Pl.goalTRUE                -0.28062911  0.2992001  -0.9379313 3.482797e-01
NI.natural.force.goalTRUE  -0.23875242  0.4199142  -0.5685743 5.696450e-01
NI.nature.plants.goalTRUE  -0.60723286  0.4610187  -1.3171545 1.877869e-01
NI.place.goalTRUE          -0.73066600  0.5551109  -1.3162523 1.880894e-01
NDI.Body.goalTRUE          -1.09144914  1.0962960  -0.9955789 3.194548e-01
Px1Sg.goalTRUE              1.78038540  0.6787280   2.6231205 8.712844e-03
Px3Pl.goalTRUE            -14.54907081 50.2067117  -0.2897834 7.719820e-01
