                              Estimate Std. Error    z value     Pr(>|z|)
(Intercept)                 -0.4065073  0.6508547 -0.6245746 5.322503e-01
PV.TimeTRUE                 -2.0946190  0.3211075 -6.5231088 6.886485e-11
PV.PositionTRUE             -2.4367600  0.4643143 -5.2480831 1.536900e-07
PV.DiscourseTRUE             0.1676930  0.2390907  0.7013780 4.830671e-01
TA.doTRUE                   -0.1294030  0.3026064 -0.4276283 6.689218e-01
TA.speechTRUE                0.1835882  0.3380897  0.5430164 5.871185e-01
TA.cognitiveTRUE            -0.2864477  0.3103505 -0.9229813 3.560169e-01
TA.allowTRUE                -0.8420485  0.7916723 -1.0636326 2.874952e-01
RdplSTRUE                   -1.3420688  0.5439326 -2.4673438 1.361196e-02
Sg.actorTRUE                -0.1517760  0.2690246 -0.5641716 5.726373e-01
D.actorTRUE                  0.1516837  0.3181098  0.4768282 6.334844e-01
Prox.actorTRUE               1.1695998  0.4586269  2.5502206 1.076548e-02
actor.1TRUE                  0.1843564  0.1535431  1.2006817 2.298747e-01
actor.2TRUE                  0.6317121  0.2337555  2.7024478 6.883100e-03
goal.3TRUE                  -0.6583143  0.6108243 -1.0777475 2.811464e-01
goal.4TRUE                  -0.8797083  0.6089195 -1.4447038 1.485411e-01
goal.1TRUE                  -0.8834035  0.6101049 -1.4479534 1.476301e-01
goal.2TRUE                  -0.1575146  0.6310188 -0.2496196 8.028816e-01
Sg.goalTRUE                  0.4037370  0.2007270  2.0113742 4.428595e-02
NDA.Relations.goalTRUE      -0.9194514  0.2564574 -3.5852012 3.368185e-04
Dem.goalTRUE                 0.1471177  0.2280427  0.6451323 5.188415e-01
NA.beast.of.burden.goalTRUE -0.3085246  0.3361841 -0.9177252 3.587628e-01
Pers.goalTRUE               -0.9343652  0.5043197 -1.8527238 6.392196e-02
NA.food.goalTRUE            -1.1326715  0.7700213 -1.4709613 1.413016e-01
