                           Estimate Std. Error    z value     Pr(>|z|)
(Intercept)             -0.92248893  0.1190312 -7.7499775 9.190881e-15
PV.TimeTRUE             -0.58907475  0.1681191 -3.5039130 4.584752e-04
PV.PositionTRUE         -2.12558178  0.3085945 -6.8879445 5.660428e-12
PV.QualTRUE             -0.44594842  0.2151737 -2.0725042 3.821845e-02
PV.WantCanTRUE          -1.80146393  0.5422131 -3.3224281 8.923767e-04
AI.cookingTRUE          -0.85338473  0.2925351 -2.9172045 3.531841e-03
Sg.actorTRUE             0.68368979  0.2368626  2.8864400 3.896271e-03
Pl.actorTRUE             0.72569720  0.2610248  2.7801847 5.432799e-03
NDA.Relations.actorTRUE -0.93472341  0.2723208 -3.4324355 5.981862e-04
actor.3TRUE             -0.54288196  0.1173043 -4.6279810 3.692479e-06
actor.1TRUE             -0.36987209  0.1219346 -3.0333637 2.418440e-03
actor.2TRUE              0.38926705  0.1777128  2.1904276 2.849324e-02
