                             Estimate Std. Error      z value     Pr(>|z|)
(Intercept)               -1.73245275  0.1613122 -10.73974822 6.622474e-27
PV.TimeTRUE               -1.95797045  0.3085542  -6.34562951 2.215177e-10
PV.PositionTRUE           -3.57439571  0.7333029  -4.87437828 1.091517e-06
PV.DiscourseTRUE           0.18358864  0.2930843   0.62640209 5.310512e-01
PV.QualTRUE               -0.72124580  0.4310026  -1.67341387 9.424585e-02
PV.WantCanTRUE             1.75845762  0.3736217   4.70651930 2.519821e-06
TI.cognitiveTRUE           0.24574905  0.2175221   1.12976575 2.585749e-01
TI.speechTRUE              1.01187010  0.3105668   3.25814044 1.121449e-03
NA.persons.actorTRUE       0.02237368  0.2371143   0.09435823 9.248246e-01
Sg.actorTRUE               0.99853084  0.2742811   3.64053778 2.720692e-04
Dem.actorTRUE              1.09906152  0.4370954   2.51446614 1.192127e-02
actor.3TRUE               -0.32908043  0.1346413  -2.44412697 1.452032e-02
actor.2TRUE                0.10261129  0.2556132   0.40143191 6.881022e-01
goal.3TRUE                 0.29814791  0.5353463   0.55692533 5.775784e-01
Sg.goalTRUE                0.56209661  0.2601704   2.16049388 3.073446e-02
NI.object.goalTRUE        -0.10575692  0.2632242  -0.40177501 6.878496e-01
Pl.goalTRUE                0.32230060  0.2985120   1.07969046 2.802800e-01
Prox.goalTRUE              0.56165594  0.2317809   2.42321885 1.538366e-02
NI.nominal.goalTRUE        0.32446163  0.3344179   0.97022801 3.319329e-01
NI.natural.force.goalTRUE -0.54169379  0.4614424  -1.17391432 2.404293e-01
