                               Estimate Std. Error     z value     Pr(>|z|)
(Intercept)                 -3.76413316  1.5428500 -2.43972719 1.469836e-02
PV.TimeTRUE                  5.98180616  0.3476642 17.20570200 2.406428e-66
PV.PositionTRUE              4.75075349  0.3042486 15.61471137 5.780612e-55
PV.DiscourseTRUE            -0.76153307  0.8755064 -0.86982015 3.843987e-01
TA.doTRUE                   -0.14260035  0.5092716 -0.28000843 7.794710e-01
TA.speechTRUE                0.29524323  0.5390141  0.54774681 5.838658e-01
TA.cognitiveTRUE            -0.16711353  0.5078211 -0.32907951 7.420956e-01
TA.allowTRUE                -0.81216401  1.1166898 -0.72729601 4.670446e-01
RdplSTRUE                    0.36058193  0.7595997  0.47469992 6.350009e-01
Sg.actorTRUE                -0.63384447  0.7142201 -0.88746378 3.748293e-01
D.actorTRUE                 -0.16225042  0.9058725 -0.17910956 8.578517e-01
Prox.actorTRUE               0.27013597  1.5330374  0.17620965 8.601292e-01
actor.1TRUE                 -0.86304416  0.3033177 -2.84534737 4.436301e-03
actor.2TRUE                  1.34289361  0.4036069  3.32723175 8.771339e-04
goal.3TRUE                   0.20996625  1.4991715  0.14005486 8.886166e-01
goal.4TRUE                  -0.44288681  1.4971568 -0.29581858 7.673686e-01
goal.1TRUE                  -1.20092246  1.5079612 -0.79638817 4.258065e-01
goal.2TRUE                   0.51680885  1.5317302  0.33740202 7.358139e-01
Sg.goalTRUE                  0.23659337  0.3989335  0.59306462 5.531379e-01
NDA.Relations.goalTRUE      -0.79953226  0.5046579 -1.58430553 1.131242e-01
Dem.goalTRUE                -0.59512171  0.4963003 -1.19911614 2.304828e-01
NA.beast.of.burden.goalTRUE  0.21433840  0.6054122  0.35403713 7.233111e-01
Pers.goalTRUE               -1.09246107  0.9849932 -1.10910517 2.673848e-01
NA.food.goalTRUE             0.03676766  1.4063918  0.02614326 9.791431e-01
