                              Estimate Std. Error      z value     Pr(>|z|)
(Intercept)               -4.645514566  0.3419736 -13.58442398 4.954141e-42
PV.TimeTRUE                6.439408072  0.3404397  18.91497613 8.585934e-80
PV.PositionTRUE            4.943367417  0.2953768  16.73580120 7.188333e-63
PV.DiscourseTRUE          -0.482530350  0.7024298  -0.68694457 4.921177e-01
PV.QualTRUE                0.188757592  0.7447909   0.25343702 7.999305e-01
PV.WantCanTRUE            -0.140298175  0.5917345  -0.23709651 8.125819e-01
TI.cognitiveTRUE          -0.126573163  0.3218584  -0.39325726 6.941295e-01
TI.speechTRUE              0.875268374  0.4548179   1.92443687 5.429985e-02
NA.persons.actorTRUE      -0.854737040  0.4674229  -1.82861610 6.745714e-02
Sg.actorTRUE               0.220805615  0.5765128   0.38300211 7.017182e-01
Dem.actorTRUE              0.131083240  1.3926756   0.09412331 9.250112e-01
actor.3TRUE                0.555466460  0.2496658   2.22483968 2.609200e-02
actor.2TRUE                2.742096297  0.3846428   7.12894170 1.011436e-12
goal.3TRUE                 2.384277430  0.7757235   3.07361745 2.114804e-03
Sg.goalTRUE               -0.191331291  0.4633214  -0.41295588 6.796389e-01
NI.object.goalTRUE        -0.692822917  0.4844362  -1.43016338 1.526701e-01
Pl.goalTRUE                0.191728436  0.5552497   0.34530126 7.298679e-01
Prox.goalTRUE              1.152367369  0.4746453   2.42784956 1.518864e-02
NI.nominal.goalTRUE       -0.008120086  0.5776964  -0.01405597 9.887853e-01
NI.natural.force.goalTRUE -1.021949259  0.8993906  -1.13626860 2.558442e-01
