                           Estimate Std. Error      z value      Pr(>|z|)
(Intercept)             -4.22419592  0.2736395 -15.43708297  9.217580e-54
PV.TimeTRUE              5.43747716  0.2484947  21.88166643 3.883896e-106
PV.PositionTRUE          4.78358424  0.2392837  19.99126405  6.561247e-89
PV.QualTRUE             -0.21382479  0.4922294  -0.43440072  6.639975e-01
PV.WantCanTRUE           0.86384514  0.5486043   1.57462342  1.153434e-01
AI.stateTRUE            -0.24818812  0.2301884  -1.07819570  2.809464e-01
AI.speechTRUE            0.10471032  0.4577786   0.22873576  8.190743e-01
AI.cookingTRUE           0.01182907  0.4469201   0.02646798  9.788841e-01
AI.healthTRUE            0.19705012  0.5574007   0.35351610  7.237016e-01
AI.prayTRUE              1.10651655  0.7433257   1.48860258  1.365921e-01
NA.persons.actorTRUE    -0.13318252  0.6366535  -0.20919154  8.342987e-01
Sg.actorTRUE            -0.82541687  0.5987636  -1.37853557  1.680380e-01
Pl.actorTRUE            -0.55268240  0.6876795  -0.80369187  4.215750e-01
NDA.Relations.actorTRUE  0.39206013  0.6663808   0.58834248  5.563024e-01
Pers.actorTRUE          -0.89139333  0.8754023  -1.01826702  3.085511e-01
Prox.actorTRUE          -0.28743535  1.0197766  -0.28186109  7.780500e-01
Indef.actorTRUE          2.11710029  0.8844860   2.39359391  1.668421e-02
actor.3TRUE             -0.14431699  0.2567695  -0.56204888  5.740827e-01
actor.1TRUE             -0.42617279  0.2641959  -1.61309396  1.067241e-01
actor.2TRUE              1.38250558  0.3313390   4.17248042  3.013015e-05
