                        Estimate Std. Error     z value     Pr(>|z|)
(Intercept)           0.84170727  0.1124595   7.4845373 7.179966e-14
PV.TimeTRUE          -3.29074379  0.2102591 -15.6508963 3.275734e-55
PV.PositionTRUE      -1.43262036  0.1521474  -9.4160024 4.685894e-21
PV.QualTRUE           0.60473384  0.2072537   2.9178438 3.524608e-03
PV.WantCanTRUE       -0.64121910  0.3151733  -2.0344967 4.190154e-02
auto.vai.2TRUE       -0.28225001  0.1586107  -1.7795141 7.515551e-02
auto.vai.6TRUE        0.14033562  0.1446184   0.9703855 3.318544e-01
auto.na.5.actorTRUE   0.19059773  0.1517545   1.2559611 2.091301e-01
auto.vai.11TRUE      -0.17822212  0.1741119  -1.0236066 3.060211e-01
auto.nda.1.actorTRUE  0.64339954  0.2368915   2.7160098 6.607397e-03
auto.na.7.actorTRUE   0.05951218  0.2447480   0.2431570 8.078838e-01
auto.na.1.actorTRUE  -1.31951219  0.3939839  -3.3491524 8.105919e-04
Sg.actorTRUE         -0.37398716  0.1719472  -2.1750122 2.962920e-02
Pl.actorTRUE         -0.50947904  0.1977846  -2.5759291 9.997115e-03
Prox.actorTRUE       -0.69025743  0.2616819  -2.6377725 8.345254e-03
actor.3TRUE           0.45717270  0.1109486   4.1205822 3.779161e-05
actor.1TRUE           0.43358073  0.1156910   3.7477467 1.784303e-04
actor.2TRUE          -1.04157660  0.1803606  -5.7749672 7.696808e-09
