                        Estimate Std. Error      z value     Pr(>|z|)
(Intercept)          0.017883863  0.6201798   0.02883658 9.769949e-01
PV.TimeTRUE         -3.269842726  0.2926789 -11.17211731 5.583385e-29
PV.PositionTRUE     -1.520322761  0.2069100  -7.34774875 2.015729e-13
PV.DiscourseTRUE    -0.285995861  0.2215468  -1.29090486 1.967367e-01
RdplSTRUE            1.062198810  0.4249277   2.49971683 1.242926e-02
auto.vta.6TRUE       0.527539131  0.6387665   0.82587164 4.088769e-01
auto.vta.3TRUE       0.803469613  0.6317824   1.27175048 2.034618e-01
auto.vta.1TRUE       0.511666670  0.6418740   0.79714504 4.253668e-01
auto.vta.5TRUE       0.599047038  0.6413958   0.93397412 3.503172e-01
auto.nda.1.goalTRUE -0.017870914  0.3414422  -0.05233950 9.582582e-01
auto.vta.4TRUE       1.111445739  0.6871310   1.61751649 1.057668e-01
auto.vta.2TRUE       0.966288591  0.6748777   1.43179818 1.522016e-01
Sg.actorTRUE         0.068499790  0.2623473   0.26110349 7.940127e-01
D.actorTRUE         -0.009639778  0.3090974  -0.03118686 9.751205e-01
Prox.actorTRUE      -1.128905258  0.4481090  -2.51926497 1.176001e-02
actor.3TRUE          0.400810810  0.2065730   1.94028642 5.234489e-02
actor.1TRUE          0.222472934  0.1463696   1.51993931 1.285262e-01
actor.2TRUE         -0.968313418  0.2345952  -4.12759305 3.665801e-05
goal.4TRUE           0.099356844  0.2379790   0.41750261 6.763108e-01
goal.1TRUE           0.409812859  0.1949959   2.10164826 3.558410e-02
goal.2TRUE          -0.558376704  0.2076235  -2.68937151 7.158670e-03
Sg.goalTRUE         -0.418489924  0.1841885  -2.27207414 2.308203e-02
Prox.goalTRUE       -0.171177114  0.2633156  -0.65008334 5.156384e-01
Px1Sg.goalTRUE       1.014179680  0.3953873   2.56502827 1.031674e-02
Px3Sg.goalTRUE       1.325238314  0.5367791   2.46887091 1.355401e-02
Pers.goalTRUE        1.056199617  0.4215394   2.50557754 1.222516e-02
