                       Estimate Std. Error     z value     Pr(>|z|)
(Intercept)          1.22362350  0.2433807   5.0276107 4.966288e-07
PV.TimeTRUE         -4.09940719  0.3091656 -13.2595827 3.970990e-40
PV.PositionTRUE     -1.80262564  0.1868182  -9.6490889 4.959440e-22
PV.DiscourseTRUE    -0.25441513  0.2676431  -0.9505761 3.418196e-01
PV.WantCanTRUE      -2.02482201  0.3117329  -6.4953755 8.282656e-11
PV.QualTRUE          0.44309224  0.3694557   1.1993108 2.304071e-01
auto.vti.1TRUE       0.18810748  0.2588117   0.7268121 4.673411e-01
auto.vti.4TRUE       0.06430136  0.2723707   0.2360803 8.133704e-01
auto.ni.3.goalTRUE   0.04295395  0.2085803   0.2059348 8.368418e-01
auto.vti.2TRUE       0.50506435  0.3074237   1.6428935 1.004050e-01
auto.ni.10.goalTRUE  0.48706495  0.3757429   1.2962718 1.948819e-01
auto.ni.2.goalTRUE   0.53249603  0.4290078   1.2412270 2.145219e-01
auto.ni.4.goalTRUE  -1.04231533  0.4714395  -2.2109206 2.704133e-02
Sg.actorTRUE        -0.74642944  0.2385991  -3.1283836 1.757706e-03
Dem.actorTRUE       -1.06505349  0.3859454  -2.7595966 5.787277e-03
actor.3TRUE          0.14847176  0.1182400   1.2556809 2.092317e-01
actor.2TRUE         -1.07133178  0.2200667  -4.8682150 1.126108e-06
goal.3TRUE          -1.01507280  0.4665542  -2.1756803 2.957918e-02
Sg.goalTRUE         -0.22413962  0.1974278  -1.1352989 2.562501e-01
Pl.goalTRUE         -0.16110641  0.2270512  -0.7095598 4.779771e-01
Prox.goalTRUE       -0.83410672  0.2259560  -3.6914559 2.229741e-04
