                      Estimate Std. Error    z value     Pr(>|z|)
(Intercept)        -1.31667544  0.2727463 -4.8274728 1.382765e-06
PV.TimeTRUE        -0.68573110  0.1872497 -3.6621212 2.501355e-04
PV.MoveTRUE        -0.48716130  0.2090159 -2.3307384 1.976716e-02
PV.PositionTRUE    -1.13645396  0.2609359 -4.3552993 1.328852e-05
PV.DiscourseTRUE   -1.34927799  0.3202304 -4.2134601 2.514880e-05
PV.QualTRUE        -0.20516551  0.3057174 -0.6710953 5.021598e-01
PV.WantCanTRUE     -0.28102196  0.3066609 -0.9163930 3.594608e-01
auto.vta.6TRUE      0.67139482  0.3051640  2.2001113 2.779900e-02
auto.vta.3TRUE     -0.10193295  0.2974304 -0.3427120 7.318152e-01
auto.vta.5TRUE      0.36418139  0.3111153  1.1705672 2.417728e-01
auto.vta.1TRUE      0.29185038  0.3183159  0.9168577 3.592172e-01
auto.na.5.goalTRUE -0.45261450  0.1394226 -3.2463489 1.168955e-03
auto.vta.4TRUE     -0.04969144  0.4010002 -0.1239187 9.013796e-01
Sg.actorTRUE       -0.26023275  0.1808130 -1.4392370 1.500834e-01
actor.1TRUE         0.70773462  0.1396251  5.0688204 4.002888e-07
actor.2TRUE         0.51978394  0.1857920  2.7976663 5.147327e-03
actor.4TRUE        -0.36822942  0.2169855 -1.6970231 8.969230e-02
goal.3TRUE         -0.23961602  0.1452176 -1.6500484 9.893303e-02
goal.4TRUE         -0.10040206  0.1349872 -0.7437896 4.570038e-01
goal.2TRUE         -0.43616724  0.2036130 -2.1421389 3.218231e-02
