                        Estimate Std. Error     z value     Pr(>|z|)
(Intercept)         -1.030580769 0.32069474 -3.21358797 1.310876e-03
PV.MoveTRUE         -0.194616476 0.13505293 -1.44103854 1.495738e-01
PV.TimeTRUE         -0.641458601 0.15530943 -4.13019731 3.624520e-05
PV.PositionTRUE     -0.095851233 0.14337307 -0.66854417 5.037863e-01
PV.QualTRUE         -0.271410588 0.19493731 -1.39229676 1.638326e-01
PV.DiscourseTRUE    -0.965682484 0.24379717 -3.96100773 7.463412e-05
PV.StartFinTRUE      0.026855527 0.19008595  0.14128097 8.876480e-01
RdplWTRUE           -0.233356856 0.21377226 -1.09161430 2.750027e-01
auto.vai.2TRUE      -0.215681798 0.35141336 -0.61375527 5.393771e-01
auto.vai.5TRUE      -0.435234737 0.34360477 -1.26667259 2.052724e-01
auto.vai.6TRUE      -0.178923147 0.34138214 -0.52411396 6.001993e-01
auto.vai.12TRUE     -0.200113365 0.38762904 -0.51624967 6.056800e-01
auto.na.5.actorTRUE -0.003435581 0.10997143 -0.03124067 9.750776e-01
auto.vai.11TRUE     -0.455614837 0.36085296 -1.26260524 2.067311e-01
auto.vai.9TRUE      -0.504980462 0.39111600 -1.29112710 1.966596e-01
auto.vai.3TRUE      -0.464163664 0.39189748 -1.18440075 2.362545e-01
auto.vai.13TRUE     -0.729727408 0.41111826 -1.77498176 7.590090e-02
auto.vai.4TRUE      -0.363056880 0.40837743 -0.88902289 3.739908e-01
auto.vai.8TRUE      -0.393457219 0.44197174 -0.89023161 3.733415e-01
auto.vai.7TRUE      -0.939111108 0.52723400 -1.78120363 7.487919e-02
auto.vai.10TRUE     -1.243248121 0.62490261 -1.98950702 4.664527e-02
Pl.actorTRUE        -0.331967374 0.16087231 -2.06354575 3.906081e-02
actor.1TRUE          0.098449876 0.07568322  1.30081507 1.933218e-01
actor.2TRUE          0.158435877 0.14121665  1.12193479 2.618902e-01
actor.4TRUE         -0.950624167 0.23998756 -3.96113942 7.459296e-05
