                       Estimate Std. Error    z value     Pr(>|z|)
(Intercept)         -2.51098096  0.3497739 -7.1788689 7.029051e-13
PV.TimeTRUE         -0.72264924  0.1602071 -4.5107189 6.460828e-06
PV.DiscourseTRUE    -2.02522344  0.3702214 -5.4703029 4.492671e-08
PV.QualTRUE         -0.76085465  0.3269909 -2.3268372 1.997393e-02
auto.vti.4TRUE       0.10203726  0.1811295  0.5633387 5.732043e-01
auto.ni.3.goalTRUE  -0.29546461  0.1761284 -1.6775520 9.343458e-02
auto.vti.2TRUE      -0.54740497  0.2290148 -2.3902605 1.683643e-02
auto.na.5.actorTRUE  0.52490997  0.1467863  3.5760145 3.488723e-04
auto.ni.10.goalTRUE -0.75182865  0.4232035 -1.7765180 7.564758e-02
auto.ni.9.goalTRUE  -0.09270314  0.3658059 -0.2534217 7.999424e-01
auto.ni.2.goalTRUE  -0.33416907  0.4178210 -0.7997901 4.238324e-01
actor.3TRUE          1.27210721  0.3431126  3.7075499 2.092742e-04
actor.1TRUE          2.00006648  0.3426412  5.8372042 5.308401e-09
actor.2TRUE          2.34537545  0.3610523  6.4959443 8.251418e-11
actor.4TRUE         -0.65852813  0.6841140 -0.9626000 3.357483e-01
Sg.goalTRUE         -0.09245832  0.1681116 -0.5499817 5.823319e-01
Pl.goalTRUE         -0.30243121  0.2336892 -1.2941602 1.956101e-01
