                           Estimate Std. Error    z value     Pr(>|z|)
(Intercept)             -0.92219725 0.24883703 -3.7060291 2.105341e-04
PV.MoveTRUE             -0.25112454 0.14367803 -1.7478284 8.049374e-02
PV.QualTRUE             -0.49902379 0.20429147 -2.4427049 1.457765e-02
PV.StartFinTRUE         -0.02055484 0.20304764 -0.1012316 9.193666e-01
PV.DiscourseTRUE        -1.01194005 0.25870896 -3.9114998 9.172474e-05
PV.TimeTRUE              1.68304449 0.25398803  6.6264716 3.438055e-11
AI.doTRUE               -0.19350649 0.26159651 -0.7397136 4.594738e-01
AI.stateTRUE            -0.03891936 0.26290884 -0.1480337 8.823162e-01
AI.speechTRUE            0.39052594 0.38365899  1.0178986 3.087261e-01
AI.cookingTRUE          -0.51315784 0.35798361 -1.4334674 1.517243e-01
AI.reflexiveTRUE        -0.41967957 0.32212883 -1.3028315 1.926323e-01
AI.pluralTRUE           -0.45023909 0.46741623 -0.9632509 3.354216e-01
RdplWTRUE               -0.29264851 0.22626297 -1.2933999 1.958728e-01
NA.persons.actorTRUE    -0.06681250 0.11399747 -0.5860875 5.578167e-01
Pl.actorTRUE            -0.07220982 0.18519478 -0.3899128 6.966010e-01
NDA.Relations.actorTRUE -0.20008728 0.17840573 -1.1215294 2.620626e-01
actor.1TRUE              0.16985734 0.08439163  2.0127273 4.414332e-02
actor.2TRUE              1.07749034 0.17950247  6.0026491 1.941238e-09
actor.4TRUE             -1.01294100 0.25943331 -3.9044369 9.444502e-05
