                        Estimate Std. Error     z value     Pr(>|z|)
(Intercept)         -0.265026382  0.6365286 -0.41636211 6.771451e-01
PV.TimeTRUE         -2.080472338  0.3149853 -6.60498322 3.975624e-11
PV.PositionTRUE     -2.446211412  0.4644110 -5.26734184 1.384133e-07
PV.DiscourseTRUE     0.074303890  0.2336582  0.31800255 7.504830e-01
RdplSTRUE           -1.332504503  0.5437500 -2.45058319 1.426250e-02
auto.vta.6TRUE      -1.007022638  0.6625421 -1.51993754 1.285267e-01
auto.vta.3TRUE      -1.041681359  0.6508396 -1.60051925 1.094834e-01
auto.vta.1TRUE      -0.653582789  0.6612735 -0.98836989 3.229715e-01
auto.vta.5TRUE      -0.767868230  0.6604993 -1.16255730 2.450092e-01
auto.nda.1.goalTRUE -0.349578453  0.3764604 -0.92859301 3.531000e-01
auto.vta.4TRUE      -1.402369194  0.7171915 -1.95536230 5.054032e-02
auto.vta.2TRUE      -0.972128641  0.6946742 -1.39940222 1.616924e-01
Sg.actorTRUE        -0.005967878  0.2771283 -0.02153471 9.828191e-01
D.actorTRUE          0.143724427  0.3195615  0.44975518 6.528870e-01
Prox.actorTRUE       1.245621097  0.4609474  2.70230631 6.886029e-03
actor.3TRUE         -0.515277160  0.2183344 -2.36003631 1.827315e-02
actor.1TRUE          0.072143839  0.1553773  0.46431379 6.424229e-01
actor.2TRUE          0.351135478  0.2390636  1.46879498 1.418884e-01
goal.4TRUE           0.187794645  0.2525726  0.74352743 4.571624e-01
goal.1TRUE           0.106396333  0.2048531  0.51937867 6.034967e-01
goal.2TRUE           0.616084605  0.2135435  2.88505491 3.913454e-03
Sg.goalTRUE          0.249128254  0.1919537  1.29785621 1.943368e-01
Prox.goalTRUE        0.437339374  0.2702928  1.61802059 1.056582e-01
Px1Sg.goalTRUE      -0.450129833  0.4102080 -1.09732089 2.725011e-01
Px3Sg.goalTRUE      -1.082668206  0.6310338 -1.71570556 8.621595e-02
Pers.goalTRUE       -1.018773181  0.5064434 -2.01162283 4.425971e-02
