                       Estimate Std. Error    z value     Pr(>|z|)
(Intercept)          -1.0331704  0.1179481 -8.7595318 1.960630e-18
PV.TimeTRUE          -0.6010767  0.1679293 -3.5793448 3.444568e-04
PV.PositionTRUE      -2.1383810  0.3089429 -6.9216069 4.465490e-12
PV.QualTRUE          -0.4775882  0.2150357 -2.2209713 2.635290e-02
PV.WantCanTRUE       -1.7967312  0.5428893 -3.3095720 9.343871e-04
auto.vai.2TRUE        0.3845106  0.1611419  2.3861622 1.702524e-02
auto.vai.6TRUE       -0.1538876  0.1511595 -1.0180479 3.086552e-01
auto.na.5.actorTRUE  -0.1206474  0.1573568 -0.7667121 4.432527e-01
auto.vai.11TRUE      -0.0316570  0.1839483 -0.1720972 8.633611e-01
auto.nda.1.actorTRUE -0.7084387  0.2482865 -2.8533119 4.326613e-03
auto.na.7.actorTRUE   0.1227951  0.2472239  0.4966958 6.194036e-01
auto.na.1.actorTRUE   0.9952900  0.3657870  2.7209554 6.509355e-03
Sg.actorTRUE          0.4938599  0.1771087  2.7884562 5.295990e-03
Pl.actorTRUE          0.6165539  0.2040522  3.0215506 2.514836e-03
Prox.actorTRUE        0.5842709  0.2615970  2.2334767 2.551752e-02
actor.3TRUE          -0.5261831  0.1162392 -4.5267280 5.990397e-06
actor.1TRUE          -0.3628097  0.1204008 -3.0133506 2.583802e-03
actor.2TRUE           0.3946944  0.1763273  2.2384195 2.519371e-02
