                       Estimate Std. Error    z value     Pr(>|z|)
(Intercept)         -1.41329734  0.2637172 -5.3591403 8.361892e-08
PV.TimeTRUE         -1.83013619  0.3033923 -6.0322438 1.616986e-09
PV.PositionTRUE     -3.44507417  0.7264417 -4.7423962 2.112051e-06
PV.DiscourseTRUE     0.10664927  0.2876307  0.3707854 7.107974e-01
PV.WantCanTRUE       0.70545500  0.3109707  2.2685581 2.329521e-02
PV.QualTRUE         -0.57364341  0.4299949 -1.3340704 1.821808e-01
auto.vti.1TRUE      -0.18659505  0.2757164 -0.6767644 4.985555e-01
auto.vti.4TRUE      -0.05785424  0.2904905 -0.1991605 8.421372e-01
auto.ni.3.goalTRUE  -0.09341168  0.2244127 -0.4162495 6.772274e-01
auto.vti.2TRUE      -0.60331995  0.3368513 -1.7910571 7.328413e-02
auto.ni.10.goalTRUE -1.02924528  0.4820425 -2.1351756 3.274667e-02
auto.ni.2.goalTRUE  -0.48733419  0.4570665 -1.0662216 2.863235e-01
auto.ni.4.goalTRUE   0.96861943  0.4693990  2.0635310 3.906220e-02
Sg.actorTRUE         0.89211426  0.2527399  3.5297716 4.159185e-04
Dem.actorTRUE        1.14941337  0.3891189  2.9538872 3.137987e-03
actor.3TRUE         -0.31011269  0.1315564 -2.3572604 1.841033e-02
actor.2TRUE         -0.03331613  0.2482707 -0.1341928 8.932501e-01
goal.3TRUE           0.47028249  0.5297433  0.8877553 3.746724e-01
Sg.goalTRUE          0.58539811  0.2157396  2.7134470 6.658721e-03
Pl.goalTRUE          0.33643499  0.2435833  1.3811906 1.672204e-01
Prox.goalTRUE        0.54482880  0.2276379  2.3934011 1.669298e-02
