                       Estimate Std. Error     z value     Pr(>|z|)
(Intercept)         -3.46171861  1.2708239 -2.72399558 6.449737e-03
PV.TimeTRUE          6.09458853  0.3627744 16.79994046 2.442891e-63
PV.PositionTRUE      4.78429994  0.3150949 15.18367986 4.536037e-52
PV.DiscourseTRUE    -0.72831497  0.8905024 -0.81786976 4.134316e-01
RdplSTRUE            0.43536613  0.7834387  0.55571177 5.784079e-01
auto.vta.6TRUE       0.44884842  1.2881531  0.34844337 7.275072e-01
auto.vta.3TRUE      -0.20460071  1.2853238 -0.15918223 8.735253e-01
auto.vta.1TRUE      -0.24981030  1.2991904 -0.19228151 8.475217e-01
auto.vta.5TRUE      -0.41958853  1.2987726 -0.32306543 7.466457e-01
auto.nda.1.goalTRUE  0.20954730  0.7030567  0.29805178 7.656636e-01
auto.vta.4TRUE      -0.09096598  1.4067347 -0.06466463 9.484410e-01
auto.vta.2TRUE      -0.69097206  1.4634190 -0.47216283 6.368106e-01
Sg.actorTRUE        -0.46133438  0.7398124 -0.62358292 5.329015e-01
D.actorTRUE         -0.14840345  0.8843855 -0.16780403 8.667375e-01
Prox.actorTRUE       0.23303499  1.6098540  0.14475536 8.849040e-01
actor.3TRUE         -0.49164792  0.4557812 -1.07869282 2.807247e-01
actor.1TRUE         -0.96478341  0.3221696 -2.99464425 2.747651e-03
actor.2TRUE          1.18643792  0.4230624  2.80440430 5.040965e-03
goal.4TRUE          -0.48555916  0.5101534 -0.95179042 3.412033e-01
goal.1TRUE          -1.28946430  0.4130771 -3.12160713 1.798668e-03
goal.2TRUE           0.45729917  0.4705380  0.97186449 3.311180e-01
Sg.goalTRUE          0.19846873  0.3911479  0.50740076 6.118737e-01
Prox.goalTRUE       -0.47184666  0.5849250 -0.80667889 4.198515e-01
Px1Sg.goalTRUE      -3.18104024  1.3642765 -2.33166828 1.971815e-02
Px3Sg.goalTRUE      -0.65099631  1.0132067 -0.64251088 5.205415e-01
Pers.goalTRUE       -1.07952358  0.9495904 -1.13683072 2.556091e-01
