                       Estimate Std. Error    z value     Pr(>|z|)
(Intercept)         -4.36591174  0.4838191 -9.0238522 1.815889e-19
PV.TimeTRUE          6.45958416  0.3364303 19.2003627 3.675169e-82
PV.PositionTRUE      4.87960517  0.2978768 16.3812880 2.601748e-60
PV.DiscourseTRUE    -0.62796537  0.7112506 -0.8829031 3.772886e-01
PV.WantCanTRUE      -0.16678107  0.5825871 -0.2862766 7.746663e-01
PV.QualTRUE          0.33728405  0.7175103  0.4700756 6.383010e-01
auto.vti.1TRUE      -0.38115261  0.4404149 -0.8654398 3.867974e-01
auto.vti.4TRUE      -0.07541222  0.4521670 -0.1667796 8.675435e-01
auto.ni.3.goalTRUE  -0.23520319  0.4145929 -0.5673112 5.705028e-01
auto.vti.2TRUE      -0.56690463  0.5379108 -1.0539008 2.919283e-01
auto.ni.10.goalTRUE  0.34379302  0.7163032  0.4799546 6.312597e-01
auto.ni.2.goalTRUE  -0.96485213  1.0883103 -0.8865597 3.753160e-01
auto.ni.4.goalTRUE   0.22306537  0.7241545  0.3080356 7.580552e-01
Sg.actorTRUE        -0.23779745  0.5334676 -0.4457580 6.557721e-01
Dem.actorTRUE       -0.61257185  1.4386434 -0.4257982 6.702549e-01
actor.3TRUE          0.54979340  0.2506651  2.1933386 2.828299e-02
actor.2TRUE          2.72241323  0.3837279  7.0946459 1.296831e-12
goal.3TRUE           2.56239722  0.7627708  3.3593280 7.813226e-04
Sg.goalTRUE         -0.52074645  0.3810526 -1.3665998 1.717508e-01
Pl.goalTRUE         -0.10102301  0.4848984 -0.2083385 8.349647e-01
Prox.goalTRUE        1.14024329  0.4681344  2.4357176 1.486228e-02
