                        Estimate Std. Error     z value      Pr(>|z|)
(Intercept)          -4.29503289  0.2704684 -15.8799821  8.720324e-57
PV.TimeTRUE           5.48839805  0.2501501  21.9404150 1.069217e-106
PV.PositionTRUE       4.78898841  0.2401571  19.9410663  1.792038e-88
PV.QualTRUE          -0.18729946  0.4885584  -0.3833717  7.014442e-01
PV.WantCanTRUE        0.87687937  0.5519065   1.5888188  1.121013e-01
auto.vai.2TRUE       -0.25267675  0.2986035  -0.8461948  3.974441e-01
auto.vai.6TRUE       -0.24266348  0.3069307  -0.7906133  4.291697e-01
auto.na.5.actorTRUE  -0.66164640  0.4438616  -1.4906592  1.360510e-01
auto.vai.11TRUE       0.75188300  0.3036516   2.4761371  1.328126e-02
auto.nda.1.actorTRUE -0.13136219  0.6565871  -0.2000682  8.414273e-01
auto.na.7.actorTRUE  -2.89708230  1.2365492  -2.3428768  1.913570e-02
auto.na.1.actorTRUE   1.11334131  0.7534116   1.4777332  1.394792e-01
Sg.actorTRUE         -0.20105519  0.4905778  -0.4098334  6.819281e-01
Pl.actorTRUE         -0.06712275  0.5781066  -0.1161079  9.075670e-01
Prox.actorTRUE       -0.18878739  1.0284911  -0.1835576  8.543605e-01
actor.3TRUE          -0.16112091  0.2556328  -0.6302827  5.285097e-01
actor.1TRUE          -0.47290427  0.2635017  -1.7946914  7.270288e-02
actor.2TRUE           1.35772664  0.3286961   4.1306446  3.617474e-05
